16:17:11.864626, 3, 78, 78, 78
16:58:02.658190, 5, 60, 60, 60
16:58:31.047653, 7, 50, 50, 50
17:00:24.642673, 8, 98, 40, 80
17:00:54.597933, 10, 97, 98, 100
17:00:55.455935, 10, 96, 97, 99
17:00:55.643135, 10, 96, 97, 99
17:09:16.413495, 12, 300, 300, 300
17:38:21.001674, 15, 91, 90, 90
18:00:46.281420, 16, 86, 85, 85, 2016-05-05
14:40:24.726599, 17, 83, 82, 82
14:40:25.100999, 17, 83, 82, 82
14:40:25.475400, 17, 82, 81, 81
15:10:13.371829, 19, 100, 100, 99
15:10:59.518517, 20, 95, 95, 94
12:29:21.711626, 23, 85, 84, 83
12:31:26.990852, 34, 99, 98, 82
12:01:28.490983, 35, 92, 91, 75
13:35:15.792342, 1, 98, 98, 98
13:35:21.530641, 1, 99, 99, 99
13:47:11.427049, 2, 97, 97, 97
13:47:26.839876, 1, 92, 92, 92
13:47:36.153093, 1, 97, 97, 97
13:47:49.005722, 1, 95, 95, 95
13:48:54.061975, 1, 97, 97, 97
13:49:10.832004, 2, 90, 90, 90
13:49:16.900415, 3, 88, 88, 88
13:49:27.225840, 1, 98, 98, 98
13:49:34.916653, 2, 93, 93, 93
13:49:43.075468, 1, 97, 97, 97
13:49:51.811483, 2, 92, 92, 92
13:55:28.575291, 3, 89, 89, 89
13:58:25.742009, 4, 87, 87, 87
13:58:26.475210, 4, 86, 86, 86
13:59:32.289932, 5, 97, 96, 100
14:03:23.589745, 6, 94, 100, 100
14:03:31.218159, 1, 99, 99, 99
14:50:26.422059, 56, 0, 0, 0
14:50:27.358061, 57, 0, 0, 0
14:52:31.317940, 58, 30, 0, 0
14:53:07.324805, 9, 42, 42, 42
14:53:08.416807, 9, 35, 35, 35
14:53:08.869207, 10, 32, 32, 32
14:53:09.212408, 10, 29, 29, 29
14:53:23.499645, 21, 10, 50, 58
14:53:23.686845, 21, 10, 50, 58
14:53:24.014446, 21, 7, 47, 55
14:53:24.326447, 21, 4, 44, 52
14:53:24.669647, 21, 3, 43, 51
14:55:08.924681, 11, 60, 30, 94
14:55:11.451886, 13, 45, 25, 79
14:55:11.795086, 14, 39, 19, 73
14:55:12.107087, 14, 39, 19, 73
14:55:12.434687, 14, 38, 18, 72
14:55:12.777888, 15, 32, 12, 66
14:55:13.183489, 15, 32, 12, 66
14:55:13.542289, 15, 29, 9, 63
14:55:13.947890, 15, 25, 5, 59
15:10:56.330975, 16, 23, 3, 57
15:10:57.001776, 16, 22, 2, 56